#IPO reconstruction from Vance et al. (2021) Communications Earth & Environment.

#Year	IPO (mean)	Std Dev
1.0	-0.155214952103	0.720214395197
2.0	-0.0420360156937	0.694725715854
3.0	0.115051361129	0.707111715843
4.0	0.230311892458	0.684499908688
5.0	0.306985209184	0.692782170171
6.0	0.318090109058	0.700623800658
7.0	0.228284870234	0.67860333803
8.0	0.0343303806461	0.70336625226
9.0	-0.177966786454	0.698917999965
10.0	-0.396405266835	0.720202060976
11.0	-0.589040325576	0.717990353919
12.0	-0.754718162553	0.668105817787
13.0	-0.841875021299	0.718477341634
14.0	-0.878913822002	0.706126455716
15.0	-0.829012542796	0.72703258489
16.0	-0.759450097179	0.675804740519
17.0	-0.644473749607	0.707077850095
18.0	-0.55801244521	0.699829915991
19.0	-0.461950290861	0.699082731603
20.0	-0.322901744843	0.699731086766
21.0	-0.199792138733	0.691300327945
22.0	-0.0918024439455	0.692100262235
23.0	-0.00108971782498	0.709062843683
24.0	0.134617034279	0.724800574193
25.0	0.323669341254	0.696790129887
26.0	0.473190620113	0.692073713068
27.0	0.652656744326	0.703729520069
28.0	0.849304484148	0.698304476334
29.0	1.01679337425	0.719740552257
30.0	1.12550260426	0.686872480574
31.0	1.37686955239	0.698642509014
32.0	1.24845545198	0.708095941707
33.0	1.17214255022	0.688175724049
34.0	1.15480949102	0.708256128751
35.0	1.18202819034	0.686020177125
36.0	1.23203165223	0.689356464571
37.0	0.835201539181	0.698166151709
38.0	1.13155894466	0.71288164259
39.0	1.46566878507	0.678790304657
40.0	1.46289467577	0.711336858284
41.0	1.45473881481	0.68347821295
42.0	1.39967097109	0.680639570082
43.0	1.28167650772	0.70723481031
44.0	1.16255811168	0.683956904448
45.0	1.03405581899	0.701420280109
46.0	0.443879739744	0.704456145211
47.0	0.362313257462	0.738726994427
48.0	0.287288326566	0.710285181049
49.0	0.234922425862	0.706292429943
50.0	0.255727818884	0.711425998947
51.0	0.269340189363	0.69318651383
52.0	0.270587062834	0.696089379804
53.0	0.347377906396	0.678876246451
54.0	0.472405200515	0.689627404646
55.0	0.620099809022	0.710710456382
56.0	0.794133901783	0.728046224514
57.0	0.967617593516	0.718435053744
58.0	1.14019577541	0.70714745586
59.0	1.27370357288	0.696907887083
60.0	1.31323878407	0.695524493411
61.0	1.31027787657	0.709540117767
62.0	1.17086982866	0.717764937011
63.0	0.959802203994	0.736678926723
64.0	0.729073378875	0.680386371105
65.0	0.684755073889	0.718123357131
66.0	0.609948350955	0.717660068605
67.0	0.537969963587	0.724518959791
68.0	0.473903353998	0.700901839189
69.0	0.436359499744	0.708980947375
70.0	0.415515059832	0.67172692303
71.0	0.443579346502	0.719900152035
72.0	0.421804038761	0.683751493497
73.0	0.444819093747	0.704185403293
74.0	1.00517659422	0.670015168281
75.0	1.42621646477	0.721820398712
76.0	0.844133085483	0.727543863953
77.0	0.339342403494	0.685757988632
78.0	-0.0692219008062	0.683726122143
79.0	-0.249792418045	0.705357931341
80.0	-0.238144721042	0.697791211018
81.0	-0.0913548138132	0.712032676147
82.0	0.225224982925	0.689274161372
83.0	0.732412697627	0.69550005823
84.0	1.35185985674	0.704700552852
85.0	1.78745775865	0.697982197161
86.0	0.799220966057	0.728164903974
87.0	0.577592239021	0.695994997351
88.0	0.404955810136	0.697606897498
89.0	0.269090511832	0.701513482719
90.0	0.119264473147	0.71188541247
91.0	0.0141661006783	0.714597373154
92.0	-0.049192908805	0.715306159874
93.0	-0.0685608948478	0.712866591537
94.0	-0.0573049241985	0.70236676031
95.0	-0.0396161495231	0.717142635178
96.0	-0.0108553602741	0.712309256502
97.0	0.0616558784258	0.748236489609
98.0	0.112533817209	0.690740033127
99.0	0.191976682398	0.704297464635
100.0	0.243572534694	0.677300094397
101.0	0.301213289265	0.692131914197
102.0	0.297515816682	0.676428512228
103.0	0.296344034608	0.71727861767
104.0	0.200077805904	0.684267552236
105.0	0.136183132999	0.703946159732
106.0	0.0328547019344	0.676509437184
107.0	-0.0827812010462	0.698077936925
108.0	0.377337084295	0.734252943058
109.0	0.345123845683	0.688893108219
110.0	0.33014614042	0.717980019978
111.0	0.312240770063	0.741939043769
112.0	0.307686309924	0.722045499874
113.0	0.325332637358	0.707608319902
114.0	0.316940418055	0.704170796895
115.0	0.511394685756	0.708736017829
116.0	1.05078786526	0.730077675624
117.0	1.43526725572	0.711294891355
118.0	1.10479830634	0.710940008047
119.0	0.823513047635	0.705502729997
120.0	0.601853428703	0.709588826712
121.0	0.446385824968	0.722912933396
122.0	0.361301365229	0.73730826821
123.0	0.297796006081	0.697871069598
124.0	0.273876279366	0.676879241899
125.0	0.239562883491	0.693705245917
126.0	-0.235869279119	0.72712127616
127.0	-0.226507180639	0.707663737408
128.0	-0.20035852759	0.686603688228
129.0	-0.210171954676	0.709310650723
130.0	-0.237806099867	0.710455672359
131.0	-0.281552316078	0.689753707961
132.0	-0.281536618828	0.698948552518
133.0	-0.27961009776	0.68805404482
134.0	-0.227215123894	0.709619547273
135.0	-0.153567540592	0.701391217019
136.0	0.0455004631601	0.719684650389
137.0	0.381532726594	0.71018460718
138.0	0.820170922628	0.713936499272
139.0	1.356258293	0.704284983042
140.0	1.93095693647	0.714052534291
141.0	2.2827077755	0.699492564587
142.0	1.74968105189	0.701899975664
143.0	1.38786198058	0.697229865199
144.0	1.34675129063	0.709129006769
145.0	1.23604719445	0.682519739649
146.0	1.09862318987	0.707861773496
147.0	0.923359151212	0.696634504209
148.0	0.798647040255	0.683168755927
149.0	0.636833192661	0.697584045527
150.0	0.526934334857	0.704060544922
151.0	0.404900763688	0.701576169145
152.0	0.381512438371	0.692713327524
153.0	0.554233853002	0.693208769081
154.0	0.679906347377	0.674964909663
155.0	1.20128021988	0.704357050529
156.0	1.23619685621	0.694921583011
157.0	1.17466851895	0.757087833738
158.0	1.03808462643	0.701538488954
159.0	0.837830027494	0.706762662539
160.0	0.594426935702	0.685777765598
161.0	0.31114739358	0.668875975599
162.0	0.29823719487	0.703066231617
163.0	0.326290872548	0.682761572971
164.0	0.338264486661	0.711464704203
165.0	0.371836202415	0.724238763472
166.0	0.424687854887	0.701962764273
167.0	0.0418537970192	0.680183868482
168.0	0.131159860814	0.719004642652
169.0	0.278426744956	0.704209898513
170.0	0.371968755198	0.677379395728
171.0	0.376809424021	0.72677253602
172.0	0.319995694097	0.716305475638
173.0	0.243406441257	0.71513448554
174.0	0.0775661636558	0.720173514579
175.0	0.420935382289	0.689720974425
176.0	0.366820626516	0.695873120027
177.0	0.341489616698	0.693256076144
178.0	0.304364210233	0.691094863882
179.0	0.320396139971	0.68648800306
180.0	0.328099959955	0.692770436924
181.0	0.352305869385	0.714538002979
182.0	0.385329946291	0.713269329558
183.0	-0.0360670628164	0.676856224753
184.0	0.0446931389387	0.717861282423
185.0	0.136733469382	0.697058944063
186.0	0.205161096047	0.66401851617
187.0	0.247374907617	0.693573438112
188.0	0.234504100525	0.708344473884
189.0	0.226487147874	0.676402873928
190.0	0.209405134665	0.692476860431
191.0	0.133834377762	0.699653190401
192.0	0.0843053869818	0.726750043522
193.0	-0.00111853380639	0.700476157745
194.0	-0.0409424773006	0.701879666918
195.0	-0.0048323099154	0.68844677833
196.0	0.0548192451097	0.688702126877
197.0	0.129709411767	0.693853965854
198.0	0.302292920296	0.694267224408
199.0	0.565862517752	0.698886836199
200.0	0.810413968512	0.688720780686
201.0	0.998401253213	0.71015737139
202.0	1.02314449621	0.704785940779
203.0	0.965347202249	0.694666717575
204.0	0.739378413719	0.665124172195
205.0	0.500785378297	0.690016145077
206.0	0.250685095844	0.697988886016
207.0	0.00476152261122	0.695030840916
208.0	0.0240653793563	0.707315189617
209.0	0.109873915849	0.713051320795
210.0	0.263046822266	0.707096785633
211.0	0.4278213802	0.678609879677
212.0	0.607645301372	0.725480385393
213.0	0.757051083994	0.711352870075
214.0	0.805674944497	0.70752449237
215.0	0.791148003103	0.718826176916
216.0	0.691608354442	0.69956847666
217.0	0.544387197541	0.703949599943
218.0	0.394666422438	0.692090636151
219.0	0.231857174201	0.661304250941
220.0	0.062757445042	0.706915339756
221.0	-0.0202192126251	0.707995309681
222.0	0.175711020412	0.709843051076
223.0	0.36622480616	0.683124348778
224.0	0.348301392888	0.695016725061
225.0	0.347850399073	0.711598184162
226.0	0.337160611428	0.708200177994
227.0	0.335601923156	0.710254274149
228.0	0.339486664453	0.7144302792
229.0	0.315993893835	0.688095347941
230.0	0.289396615456	0.689821228524
231.0	0.280572011421	0.735160193789
232.0	0.462149413336	0.681398045002
233.0	0.948711097648	0.690064961547
234.0	1.29347480606	0.71781500282
235.0	0.979792209691	0.694173875147
236.0	0.71465408302	0.693326895054
237.0	0.536874622804	0.712696065363
238.0	0.450478919612	0.718845201697
239.0	0.416064553862	0.689891944568
240.0	0.448265971547	0.681572046127
241.0	0.588052898729	0.682016567877
242.0	0.787421121664	0.6700025608
243.0	1.02093166713	0.690003516843
244.0	1.32820753654	0.717109535968
245.0	1.28482077157	0.699252950995
246.0	1.18876617798	0.726163231411
247.0	1.05024109624	0.708847833134
248.0	0.927438411458	0.69061998665
249.0	0.851975921995	0.684841655227
250.0	0.763721479545	0.686984411698
251.0	0.681548203151	0.69147146759
252.0	0.598677319784	0.703428790314
253.0	0.610139308856	0.707914657358
254.0	0.614531579929	0.663414313456
255.0	0.637644375013	0.708568539245
256.0	0.64060685113	0.691317925804
257.0	0.662581272883	0.699816485283
258.0	0.624340368262	0.687644837723
259.0	0.611966599431	0.701244077391
260.0	0.575655288607	0.706499896296
261.0	0.501386730606	0.711761606847
262.0	0.468512780994	0.686795627169
263.0	0.472503720171	0.703172205764
264.0	0.473360146268	0.698485750042
265.0	0.51024882101	0.718396226177
266.0	0.555032835586	0.69039184085
267.0	0.562515875938	0.735122280318
268.0	0.554381355331	0.713783128181
269.0	0.562182300222	0.71285788004
270.0	0.480787587907	0.700230243825
271.0	0.867576270908	0.707335967595
272.0	1.47097947158	0.694007894826
273.0	0.914728114301	0.697396439528
274.0	0.387123881745	0.689103771337
275.0	-0.0876130471989	0.713517904497
276.0	-0.436418116976	0.6870335487
277.0	-0.616532774291	0.704147626164
278.0	-0.764621763356	0.714764166743
279.0	-0.90348878816	0.682627896869
280.0	-0.503277069946	0.692719225285
281.0	-0.55384929966	0.704385607129
282.0	-0.573717897801	0.710600627586
283.0	-0.561460535814	0.709175819903
284.0	-0.534006622209	0.704288315192
285.0	-0.45480623589	0.681807819743
286.0	-0.3777513543	0.70829322251
287.0	-0.134831068778	0.709048491732
288.0	0.0840627945689	0.708373539239
289.0	0.338136730037	0.682836710873
290.0	0.553953851275	0.706461060783
291.0	0.700365610486	0.718479793449
292.0	0.841503718128	0.690060834879
293.0	0.897954340302	0.678539933393
294.0	0.908133497035	0.72995806404
295.0	0.84659785752	0.717512809153
296.0	0.780739616257	0.716007845255
297.0	0.659634132794	0.698096429775
298.0	0.513613841459	0.720036121919
299.0	0.349574012218	0.698573352088
300.0	0.26855585229	0.715671249209
301.0	0.252873442786	0.706052166663
302.0	0.303136126453	0.710375559806
303.0	0.430535715689	0.658801872649
304.0	0.633232358596	0.698322152724
305.0	0.863875218786	0.691027617535
306.0	1.14511360365	0.700792836599
307.0	1.22875048951	0.70788552844
308.0	0.899982376695	0.713376051465
309.0	0.525514242071	0.688978082031
310.0	0.223694833776	0.716900707836
311.0	0.169699897593	0.669683821851
312.0	0.120020787802	0.695700173106
313.0	0.129497307152	0.724211774904
314.0	0.126222780551	0.697497038803
315.0	0.159866456531	0.692054066589
316.0	0.497397477482	0.706800686671
317.0	0.958773712688	0.683075102628
318.0	1.41920641863	0.680405075047
319.0	1.1503167697	0.736219193272
320.0	0.881594626038	0.689442287064
321.0	0.264027593249	0.710079636814
322.0	0.201687627552	0.710551944367
323.0	0.211741490506	0.714420060807
324.0	0.287083371308	0.740315220314
325.0	0.460789550884	0.706745708226
326.0	0.663210122837	0.704237983807
327.0	0.876080876943	0.723662158677
328.0	1.12926979725	0.688530290459
329.0	1.34717867333	0.689820956705
330.0	1.57723845572	0.71012299909
331.0	1.83252509683	0.70116974388
332.0	2.07760101223	0.718735771287
333.0	1.77606208437	0.703041516319
334.0	1.47856618498	0.706220835794
335.0	1.20209794345	0.690659128726
336.0	0.94780964888	0.703500849402
337.0	0.808462370105	0.700338331417
338.0	0.624442951176	0.694107131902
339.0	0.386030867538	0.703700177664
340.0	0.151344958821	0.705826262889
341.0	0.407774062269	0.709904264548
342.0	0.341051414061	0.678705581501
343.0	0.270854297883	0.736492131265
344.0	0.274382254902	0.6895493976
345.0	0.250912755644	0.704063360816
346.0	0.262063761393	0.700666386312
347.0	0.286706615732	0.708056784247
348.0	0.318929531894	0.70933441067
349.0	0.33069319165	0.723175936909
350.0	0.350879083045	0.727146915357
351.0	0.354851839544	0.685465438215
352.0	0.346540843169	0.706026797443
353.0	0.340149032312	0.720974708308
354.0	0.289134592087	0.694330618219
355.0	0.262141294972	0.712647015984
356.0	0.250559784567	0.717053958271
357.0	0.224347280377	0.695978225139
358.0	0.237969294613	0.705472111487
359.0	0.287909385649	0.706273585072
360.0	0.336219551965	0.703553796667
361.0	0.395701289202	0.71186408098
362.0	0.0696285516012	0.680054913213
363.0	0.962613869373	0.696003127388
364.0	1.2664391134	0.697311002131
365.0	0.84808961648	0.695974389689
366.0	0.443512928139	0.695337625881
367.0	0.0548977585513	0.70260329167
368.0	-0.310729116029	0.705370376926
369.0	-0.506276678385	0.703660102168
370.0	-0.674412431591	0.674085759926
371.0	-0.289148773538	0.712343810125
372.0	-0.27234496329	0.717145644779
373.0	-0.175907804979	0.689251906211
374.0	0.0250109852401	0.70916740473
375.0	0.255589906454	0.684408854681
376.0	0.491608154389	0.715874970388
377.0	0.742929296288	0.687522846756
378.0	0.463791596498	0.716598774835
379.0	0.744637783963	0.736295694452
380.0	1.00280317449	0.729922428443
381.0	1.19984472679	0.69339109563
382.0	1.34683635572	0.688683207758
383.0	1.43138404696	0.706740960839
384.0	1.46757258469	0.698151189989
385.0	1.41786860596	0.714607071948
386.0	1.31396186323	0.693373516379
387.0	1.20041845063	0.712068635576
388.0	1.08457502385	0.704051916245
389.0	1.01100234158	0.706307654026
390.0	1.03011326325	0.680988823795
391.0	1.09766079236	0.710344235511
392.0	1.22197430221	0.738250812964
393.0	1.4151949684	0.721981623377
394.0	1.29340072209	0.71579125453
395.0	0.848957967475	0.69793858064
396.0	0.453365451413	0.68143872171
397.0	0.223855695132	0.694452928281
398.0	0.218622980448	0.713464615253
399.0	0.198216391217	0.673952318355
400.0	0.189173229627	0.695142527441
401.0	0.204670693511	0.695309843035
402.0	0.237526234212	0.69486445702
403.0	0.283188660273	0.728735078591
404.0	0.350947485398	0.722704464313
405.0	0.420270602159	0.681021804366
406.0	0.543088875675	0.715965661887
407.0	0.669694297405	0.683893857507
408.0	0.736285407412	0.687094745127
409.0	0.84913474258	0.68621307384
410.0	0.905177323218	0.69696745938
411.0	0.964726349515	0.681866014893
412.0	1.01633133114	0.704640766755
413.0	1.02881345888	0.714149845162
414.0	1.05611777622	0.708220820996
415.0	1.06196250957	0.712324868591
416.0	1.11201589955	0.685048753655
417.0	1.44367863139	0.709060712698
418.0	1.86742022813	0.709658573092
419.0	2.22368930331	0.701137389024
420.0	2.25795076376	0.701885851236
421.0	2.15620470315	0.686826212419
422.0	2.09755941574	0.712541101468
423.0	2.13865684875	0.683865769711
424.0	2.17585603667	0.688290450243
425.0	2.22932946916	0.710192184197
426.0	2.27801794191	0.722787242916
427.0	2.32009868266	0.701056714061
428.0	2.23117536953	0.716673287526
429.0	2.04994168756	0.718652742448
430.0	1.87293200677	0.703359622651
431.0	1.71955786743	0.710440494832
432.0	1.61037793313	0.716088304682
433.0	1.52174039152	0.718362566064
434.0	1.50960143003	0.695412319978
435.0	1.49187869734	0.694700370382
436.0	1.37349288924	0.702521962791
437.0	1.2105840335	0.739034165304
438.0	1.01955494634	0.690129916496
439.0	0.805858748123	0.707869357874
440.0	0.561064955171	0.747139402356
441.0	0.282312822077	0.690466571673
442.0	-0.0310911605862	0.723983967739
443.0	-0.411296325403	0.683278628927
444.0	-0.228352401828	0.712866297668
445.0	-0.388956106395	0.700077231403
446.0	-0.533622078151	0.682967050728
447.0	-0.634530593971	0.679487644912
448.0	-0.772030875223	0.702271787875
449.0	-0.859992554945	0.689657027548
450.0	-0.882489809752	0.747119507283
451.0	-0.857164435373	0.684926342813
452.0	-0.781363516064	0.736433979352
453.0	-0.667836254444	0.717270380388
454.0	-0.500026357991	0.719098404324
455.0	-0.247691297138	0.710862825244
456.0	0.0193062955377	0.694080248841
457.0	0.241942572815	0.696529928665
458.0	0.0735739223557	0.687466342026
459.0	0.412755737595	0.696167072909
460.0	0.644103507125	0.682630346716
461.0	0.765129055684	0.708929052841
462.0	0.81944652641	0.712012192889
463.0	0.719774732079	0.726697395988
464.0	0.594084846396	0.678002186362
465.0	0.457589704226	0.705372377451
466.0	0.348347561213	0.682209133109
467.0	0.328869116907	0.703847967076
468.0	0.379694107576	0.693676766051
469.0	0.51288896809	0.698565850423
470.0	1.21810815321	0.700056931598
471.0	1.48115838755	0.747854930742
472.0	1.45039107941	0.714677309858
473.0	0.810441590549	0.693003751309
474.0	0.815989698699	0.712890116658
475.0	1.01625715945	0.695143118225
476.0	1.29554584061	0.658901552629
477.0	1.11106803191	0.706964904178
478.0	0.791035053862	0.697923482718
479.0	0.39841286376	0.716118091907
480.0	-0.0501866050558	0.714228140061
481.0	-0.504725324225	0.705058106126
482.0	-0.284385330451	0.711546312306
483.0	-0.459239083978	0.710035316517
484.0	-0.600693172427	0.719073570945
485.0	-0.701685818145	0.697892432288
486.0	-0.763061696005	0.696987179436
487.0	-0.822724333653	0.720382911172
488.0	-0.850975870064	0.700475706925
489.0	-0.896475194847	0.695681723122
490.0	-0.92193940902	0.681334550689
491.0	-0.910139498724	0.684782613283
492.0	-0.897626432848	0.692183004355
493.0	-0.862672105874	0.683906517751
494.0	-0.787859460878	0.730049698003
495.0	-1.13588659741	0.708399095364
496.0	-0.971953021226	0.700955767929
497.0	-0.767553242836	0.70362326345
498.0	-0.481999139835	0.70095131421
499.0	-0.245001798162	0.681852319165
500.0	0.179959348558	0.694552126459
501.0	0.672224722619	0.697201176297
502.0	1.18200353948	0.697807856083
503.0	1.66830722336	0.697437453873
504.0	1.69576133498	0.727424549171
505.0	1.1949121519	0.726086518807
506.0	0.809622332133	0.697398930018
507.0	0.772583114467	0.708268295212
508.0	0.75703076164	0.745811814588
509.0	0.733049983166	0.697777539598
510.0	0.681590420255	0.673531673105
511.0	0.643255469947	0.722428120277
512.0	0.569517761051	0.728199619522
513.0	0.73497486644	0.695470862794
514.0	0.875994900827	0.705700067357
515.0	1.01314695243	0.707454122142
516.0	1.13256456564	0.694980195355
517.0	1.19580832209	0.681133869373
518.0	1.00636298309	0.738576391642
519.0	1.33515072275	0.717787779027
520.0	1.26847961979	0.714331154722
521.0	1.18809498621	0.690360883957
522.0	1.13910604144	0.713764109935
523.0	1.06240075245	0.710797612675
524.0	0.993137973243	0.712557910859
525.0	0.913567629035	0.697558562945
526.0	0.808628990008	0.691673708743
527.0	0.683730646777	0.683968456004
528.0	0.572743231623	0.707786068044
529.0	0.0202274978879	0.705378482897
530.0	-0.071247189361	0.698537863221
531.0	-0.141925942659	0.719252641147
532.0	-0.279176803047	0.667499291766
533.0	-0.344764380551	0.697318330677
534.0	-0.398998768773	0.716864269745
535.0	-0.49666711479	0.730054503778
536.0	-0.555794592648	0.715571295652
537.0	-0.63534351606	0.717028442301
538.0	-0.667059706781	0.706467544315
539.0	-0.681259319514	0.682029679902
540.0	-0.650370426182	0.701585545365
541.0	-0.558900759643	0.699881068128
542.0	-0.391873465451	0.716421268558
543.0	-0.276027665437	0.68443926946
544.0	-0.148610397079	0.712752074882
545.0	-0.0318417697586	0.690086306458
546.0	0.0169979958161	0.696357203955
547.0	0.531111402489	0.719602100033
548.0	0.529605954009	0.717439979041
549.0	0.536597484107	0.697821678376
550.0	0.491212236508	0.698757857978
551.0	0.434685096969	0.729371483345
552.0	0.40167513211	0.683276905082
553.0	0.367780553703	0.684815890612
554.0	0.411688586974	0.694943110894
555.0	0.485602314146	0.714094512317
556.0	0.585759996494	0.703177613158
557.0	0.726060092256	0.688774031051
558.0	0.907068465297	0.698799524806
559.0	1.08338008074	0.697420218738
560.0	1.21676819137	0.697433376372
561.0	0.996068112295	0.695950695868
562.0	0.802325926355	0.697788807807
563.0	0.633789158266	0.721113078156
564.0	0.555547727235	0.692043873349
565.0	0.510650832998	0.716317964932
566.0	0.588563601221	0.703881870335
567.0	0.716848710634	0.712017798754
568.0	0.893621968185	0.691074500238
569.0	1.19568424016	0.703760049663
570.0	1.30752264063	0.688996554444
571.0	1.25636450657	0.698761919912
572.0	0.792531021144	0.692158631246
573.0	0.966724059792	0.693452950358
574.0	1.11598765087	0.716876592897
575.0	1.20151660048	0.730018837267
576.0	1.23913943265	0.701779907805
577.0	1.26637689877	0.706661930631
578.0	1.21617809811	0.705460976569
579.0	1.05277069782	0.703879066109
580.0	1.04997718004	0.678775665224
581.0	0.597666470863	0.687751487679
582.0	0.201998239128	0.699293608775
583.0	0.166622689136	0.687335098274
584.0	0.183711941286	0.671500048893
585.0	0.2326535803	0.679161743269
586.0	0.311309702217	0.688613117793
587.0	0.396401116247	0.695648154199
588.0	0.0813475956971	0.743984013952
589.0	0.236899860342	0.705490236054
590.0	0.278136151032	0.711533093288
591.0	0.273667940143	0.705509029951
592.0	0.23058304277	0.722427414264
593.0	0.132755265641	0.698958507846
594.0	0.0628416643206	0.684769351531
595.0	0.00949737636511	0.718686469745
596.0	0.283897865616	0.697128078162
597.0	0.844393833551	0.690727400115
598.0	1.08610145101	0.710371299656
599.0	0.704106632046	0.702632211159
600.0	0.277413773933	0.697600441789
601.0	-0.131938119776	0.688821157698
602.0	-0.444993488758	0.719026013516
603.0	-0.617692275742	0.737967163827
604.0	-0.767902536762	0.728175955933
605.0	-0.893282241151	0.700259043596
606.0	-0.991751324237	0.708338992704
607.0	-1.01263538641	0.697511110052
608.0	-1.01221327277	0.729260515543
609.0	-0.456322315086	0.707092503886
610.0	-0.266343846218	0.699183939381
611.0	0.193158459377	0.709587067777
612.0	0.785103884566	0.715904207049
613.0	1.43044316764	0.680600317406
614.0	0.63517223284	0.688497391296
615.0	0.306724589304	0.695290844487
616.0	0.271955009227	0.687551038988
617.0	0.263811097754	0.66481024159
618.0	0.226300326461	0.734345650294
619.0	0.197746748074	0.722550450554
620.0	0.182159534268	0.707495656314
621.0	0.198272020661	0.696853634044
622.0	0.185228791099	0.712377159791
623.0	0.235124584287	0.686748091004
624.0	0.257828206692	0.735289106658
625.0	0.322734035248	0.70775290246
626.0	0.398348450417	0.687934350246
627.0	-0.0108695192048	0.735722792841
628.0	0.120787797065	0.706607764307
629.0	0.270461414124	0.686567871568
630.0	0.730763062372	0.72779701855
631.0	1.04819243468	0.713725440308
632.0	1.30141863316	0.708166994135
633.0	1.42674822806	0.697734402657
634.0	1.43987427144	0.697305484226
635.0	1.36178463372	0.69307403491
636.0	1.2259999204	0.710215055529
637.0	1.03811261671	0.692421507907
638.0	0.787616588602	0.68095292698
639.0	0.510958609358	0.703435579135
640.0	0.449069146674	0.714577377624
641.0	0.414042530787	0.697585103941
642.0	0.368412883335	0.685957140794
643.0	0.328091223374	0.713275228374
644.0	0.320588559143	0.710451422793
645.0	0.295794358753	0.716866176909
646.0	0.267271582622	0.721949794536
647.0	0.224529503178	0.675565546837
648.0	0.173554011591	0.71887251126
649.0	0.113053300692	0.726660109046
650.0	0.000758693167632	0.728205336249
651.0	0.866494454307	0.708900425865
652.0	1.26679043397	0.730585067949
653.0	1.41004092055	0.705413963474
654.0	1.17270011204	0.690978142505
655.0	1.07073078186	0.708711632299
656.0	1.04223800471	0.72133302222
657.0	1.1206649402	0.700627379568
658.0	1.33454382698	0.704465546731
659.0	1.34452860151	0.682521401659
660.0	0.881689857379	0.742235528057
661.0	0.398722955395	0.708664980219
662.0	0.358693674891	0.721953421219
663.0	0.308165970156	0.707068220386
664.0	0.267033184132	0.68871162129
665.0	0.20583565847	0.715397726935
666.0	0.140835959011	0.687029728723
667.0	0.0485734577933	0.698821377805
668.0	0.00251810145083	0.699384703572
669.0	-0.0673197257513	0.702115570836
670.0	-0.119301827111	0.702433159236
671.0	-0.10861960556	0.703437454477
672.0	-0.110815178454	0.682321115444
673.0	-0.0808448599003	0.67887663583
674.0	-0.0616147288999	0.709284822855
675.0	0.00243752331877	0.705594940634
676.0	0.0499883549215	0.710170120094
677.0	0.563934791652	0.706342458175
678.0	1.28426971668	0.700597937911
679.0	0.79575469133	0.707655945962
680.0	0.37792133112	0.719318741245
681.0	-0.00621555842743	0.700616006208
682.0	-0.298659132814	0.69226418818
683.0	-0.499028624826	0.713918481283
684.0	-0.552506318619	0.709619460334
685.0	-0.592330737683	0.726301260057
686.0	-0.590624888407	0.709088570172
687.0	-0.577700535295	0.691912747062
688.0	-0.459293340149	0.711744415777
689.0	-0.177184758102	0.701848058408
690.0	0.119009255514	0.686043595607
691.0	0.461241892737	0.69629055431
692.0	0.76165954942	0.702730853941
693.0	1.07859107363	0.692336105213
694.0	1.2890767885	0.683765115212
695.0	1.06376645355	0.703518232848
696.0	0.972778467635	0.705048888128
697.0	0.924802465044	0.686563135109
698.0	0.979683219752	0.691065398376
699.0	1.1300045716	0.728291478782
700.0	1.3624932948	0.704509589315
701.0	1.29321083259	0.688080655622
702.0	1.08296160213	0.68640521542
703.0	0.8196463606	0.70700874127
704.0	0.51725376234	0.703562037876
705.0	-0.195512932584	0.694090845879
706.0	-0.375733770144	0.686651132333
707.0	-0.398855412019	0.730418159284
708.0	-0.399522605616	0.683203098905
709.0	-0.369748110196	0.70078544221
710.0	-0.334173763695	0.679869494348
711.0	-0.344270054134	0.71333417097
712.0	-0.312141367084	0.726436963268
713.0	-0.285385225676	0.685398920973
714.0	-0.230048445033	0.725809554455
715.0	-0.10416998438	0.711424748112
716.0	0.234461187177	0.680535466794
717.0	0.612204703396	0.693013247177
718.0	1.05062555585	0.689757190688
719.0	0.967598137668	0.696580841977
720.0	0.372751994905	0.6705398633
721.0	0.316063689577	0.711015292919
722.0	0.311229455938	0.710453288143
723.0	0.293813346046	0.700416052355
724.0	0.296429600124	0.692950626024
725.0	0.315559021056	0.707863761884
726.0	0.369002616369	0.711951067333
727.0	0.386310040227	0.702834729602
728.0	-0.00519119977855	0.703414809184
729.0	0.10962271734	0.692638957379
730.0	0.217911572332	0.720144703964
731.0	0.317150940153	0.701378116436
732.0	0.397824471218	0.706457071773
733.0	0.484107164333	0.713077330395
734.0	0.545735699828	0.712094978658
735.0	0.58984049671	0.688659044843
736.0	0.62008890809	0.712435015917
737.0	0.62826390144	0.6950533426
738.0	0.596926861155	0.69299278077
739.0	0.608339746046	0.721172255445
740.0	0.598696855303	0.700700103854
741.0	0.634186988212	0.678173768974
742.0	0.724089490941	0.691675471559
743.0	0.827874422109	0.72036612399
744.0	1.11579565233	0.711135177797
745.0	1.62785890817	0.722794281907
746.0	2.18900986632	0.699945454711
747.0	2.40915948854	0.737092717299
748.0	2.26246869089	0.691997411603
749.0	2.0847043176	0.692099989361
750.0	1.88055150189	0.687186856097
751.0	1.70734454296	0.700119705574
752.0	1.55517578659	0.674418659652
753.0	1.43290962149	0.695695509313
754.0	1.34270329498	0.664332065438
755.0	1.2683496443	0.685427159579
756.0	1.26701073147	0.724220100939
757.0	1.27556829967	0.729865007548
758.0	1.34265995356	0.67133797656
759.0	1.42825255076	0.716771018661
760.0	1.50890255369	0.676802418319
761.0	1.64267651849	0.68484150724
762.0	1.33918276892	0.702045852563
763.0	0.992622409139	0.694771314404
764.0	0.679079652837	0.667154471288
765.0	0.39311386983	0.705324957793
766.0	0.317487998024	0.747913080004
767.0	0.352926126502	0.71617608925
768.0	0.458060674236	0.692373697249
769.0	0.562713516222	0.682708143021
770.0	0.67470308868	0.714808389673
771.0	0.720929812048	0.686281735839
772.0	0.762665395328	0.694899889256
773.0	0.715776596305	0.699950782385
774.0	0.661562091721	0.708542498723
775.0	0.555364900712	0.698624883704
776.0	0.407951526618	0.705735173508
777.0	0.326009172881	0.697415820125
778.0	0.384426350133	0.691912677563
779.0	0.460679992503	0.709019961026
780.0	0.567356968227	0.701127570704
781.0	1.19837369153	0.708137159594
782.0	1.39982186731	0.705464432257
783.0	1.50728489838	0.712570167573
784.0	1.28614085194	0.709582024346
785.0	1.07542789174	0.711886986455
786.0	0.766070588293	0.693849316059
787.0	0.499227234491	0.696752282152
788.0	0.207916798854	0.691930900346
789.0	-0.0561051797912	0.698008449547
790.0	-0.259736490733	0.693993928252
791.0	-0.448076502143	0.699904812857
792.0	-0.501517194205	0.723955399817
793.0	-0.515616459803	0.681324586045
794.0	-0.472591115361	0.719654789924
795.0	-0.434014297807	0.725359181576
796.0	-0.344889758101	0.709903934789
797.0	-0.221027971362	0.675893195118
798.0	0.0177400077028	0.694611957761
799.0	-0.151182286912	0.703625018628
800.0	0.184514680132	0.680120188032
801.0	0.532396245037	0.674426184705
802.0	0.815528880225	0.694505181948
803.0	1.14575275611	0.699831771602
804.0	0.984234545251	0.71034680854
805.0	0.615877640697	0.712420648531
806.0	0.276631838703	0.713267074601
807.0	0.0348194558679	0.687559020747
808.0	-0.0182885412776	0.741724991311
809.0	0.426188531883	0.689520429746
810.0	0.406576397463	0.690542915301
811.0	0.379846519949	0.698882457572
812.0	0.47043240943	0.723715342331
813.0	0.691603959415	0.698228713088
814.0	1.01882437053	0.700397607904
815.0	1.37183982976	0.701576631079
816.0	1.06512053619	0.719074336873
817.0	0.75664021665	0.687033237192
818.0	0.480068327023	0.712479013285
819.0	0.276397632563	0.678502426761
820.0	0.149419944124	0.701737125486
821.0	0.0867564806552	0.715532173174
822.0	0.0870294707201	0.700732858283
823.0	0.123891569195	0.717776321741
824.0	0.186246253614	0.707533346057
825.0	0.267479258262	0.694574477072
826.0	0.348414573197	0.705138707003
827.0	0.367842512097	0.708234635324
828.0	0.393021060874	0.689787959876
829.0	-0.0199549685143	0.708080270228
830.0	0.114167559974	0.712241362215
831.0	0.189409486301	0.710781931813
832.0	0.23993205488	0.722127285488
833.0	0.257134492521	0.699987601044
834.0	0.279027893127	0.708171544357
835.0	0.242140786356	0.691338843024
836.0	0.120560236717	0.684060045316
837.0	-0.0421093078944	0.675731052852
838.0	-0.251042043663	0.745466413304
839.0	-0.499943366927	0.707675528988
840.0	-0.230711544027	0.701315470612
841.0	-0.191476583836	0.698865053856
842.0	-0.123543281566	0.693471961416
843.0	-0.0539260133723	0.711423550965
844.0	0.00850347587202	0.698462331523
845.0	0.0957330685499	0.696724745949
846.0	0.131672219261	0.666055679065
847.0	0.15452197267	0.689777919654
848.0	0.164865547718	0.686558717629
849.0	0.125355765479	0.687238993156
850.0	0.0611404293672	0.701628535677
851.0	0.0252317641798	0.711353796902
852.0	-0.00632030192995	0.697154348066
853.0	-0.0237046174292	0.720775079156
854.0	0.0389881352921	0.709085824659
855.0	0.17431079468	0.704173933713
856.0	0.410371787274	0.735398136412
857.0	0.50112399473	0.688917513504
858.0	0.644620426682	0.727839770857
859.0	1.11666846713	0.722081313575
860.0	1.31764738381	0.711241189104
861.0	0.886960624274	0.68184007104
862.0	0.502022040301	0.699879263744
863.0	0.576963128763	0.687452666058
864.0	0.595805986585	0.69880317401
865.0	0.591940574523	0.705390293266
866.0	0.559150728401	0.687426357605
867.0	0.528388024944	0.717008272931
868.0	0.424528093609	0.705613058834
869.0	0.47977992993	0.721382421456
870.0	0.859435752624	0.716752347472
871.0	1.12275646856	0.706475291433
872.0	1.10827677354	0.725494482419
873.0	0.704719741977	0.715148302332
874.0	0.309017742105	0.722262755068
875.0	-0.0248604701588	0.711059530188
876.0	-0.291492502291	0.696013851183
877.0	-0.490229030905	0.692464410767
878.0	-0.555693978792	0.706177628528
879.0	-0.649026278571	0.716695158615
880.0	-0.674945161916	0.722348593163
881.0	-0.667202836551	0.703070509028
882.0	-0.676914856486	0.707479771059
883.0	-0.608468048991	0.694392747142
884.0	-0.46954996885	0.723032736406
885.0	-0.270447299103	0.725658431519
886.0	-0.0570438285118	0.690103657412
887.0	0.188619713991	0.727278069481
888.0	0.414784216254	0.712718278939
889.0	0.677033829378	0.698952698455
890.0	0.933760299079	0.705456757919
891.0	0.918001730578	0.695829142077
892.0	1.05154090199	0.694576350239
893.0	1.32605763784	0.715658837189
894.0	1.20451548858	0.718572986462
895.0	1.0099165043	0.700443262869
896.0	0.773196132187	0.697472038465
897.0	0.558590307454	0.71226147453
898.0	0.386807155217	0.719837380178
899.0	0.840124600303	0.710172195733
900.0	0.881225496106	0.702815292493
901.0	0.983394773684	0.702102337924
902.0	1.13869263317	0.702535801915
903.0	1.27854588976	0.706190483858
904.0	1.33227295711	0.683334035228
905.0	1.20526379241	0.715670337083
906.0	1.09833172471	0.689625665904
907.0	1.06756015865	0.715249011494
908.0	0.977564878729	0.716341207137
909.0	0.958518628999	0.68562796306
910.0	0.950108930169	0.686847736227
911.0	0.944475404721	0.693541450747
912.0	0.966770608239	0.704934638815
913.0	1.04321621859	0.736132075889
914.0	1.11878830676	0.692165011652
915.0	1.22806329203	0.710057916249
916.0	1.3038186621	0.745258850799
917.0	1.13873759203	0.685064330243
918.0	0.960184234446	0.714235130316
919.0	0.824951139787	0.729699415142
920.0	0.708152614582	0.730689312086
921.0	0.658448499022	0.716615562125
922.0	0.726039122969	0.707657322012
923.0	0.876897513225	0.711187792004
924.0	1.13724491798	0.718117848561
925.0	1.07269269492	0.701976418884
926.0	0.910362581699	0.685916630169
927.0	0.625518720984	0.704834577537
928.0	0.315039213567	0.723111708776
929.0	0.0551318864925	0.70550588301
930.0	-0.15771527824	0.702429112402
931.0	-0.172724097583	0.715993047062
932.0	0.12608815998	0.710668520723
933.0	0.161046235211	0.691144029995
934.0	0.158871954597	0.707374435495
935.0	0.155026938749	0.710374759103
936.0	0.0906423720312	0.69822633796
937.0	-0.0430258233535	0.717857582446
938.0	-0.216443283904	0.690562931226
939.0	-0.404648477463	0.696330202385
940.0	-0.535950153959	0.711051747832
941.0	-0.638698357345	0.715146141686
942.0	-0.710785815703	0.685356161197
943.0	-0.776291528889	0.698127934997
944.0	-0.796856579389	0.687014709254
945.0	-0.807416419154	0.677458751645
946.0	-0.778554015657	0.712446591293
947.0	-0.695016290252	0.708057965249
948.0	-0.625340763489	0.719489944701
949.0	-0.493056779127	0.709126065218
950.0	-0.230056074393	0.681281961443
951.0	0.228039229308	0.642700596339
952.0	0.685766487268	0.744088913908
953.0	1.16477984622	0.691562725901
954.0	0.43750949023	0.704067292305
955.0	-0.0633320821538	0.72132051773
956.0	-0.0987540779634	0.735956880617
957.0	-0.0875682251367	0.719319563713
958.0	-0.0852569707424	0.719246893149
959.0	-0.0418601069741	0.69975721284
960.0	0.0367606880705	0.691467855383
961.0	0.0942190384035	0.708493466191
962.0	0.133340613337	0.69278566025
963.0	0.185220790147	0.718297516962
964.0	0.214305905936	0.706355277212
965.0	0.19821541741	0.692805752123
966.0	0.168313522936	0.700980702201
967.0	0.168078458594	0.701462338138
968.0	0.150535170832	0.705612395963
969.0	0.112605904365	0.69303055309
970.0	0.135991059693	0.697648187119
971.0	0.180891775187	0.677027487477
972.0	0.213689462503	0.673129704538
973.0	0.273266021214	0.697452668719
974.0	0.336671136138	0.676908343539
975.0	0.401486165019	0.718283660609
976.0	0.0180379439761	0.7244008971
977.0	0.187245278642	0.716793654158
978.0	0.364181579544	0.712112002746
979.0	0.529095452434	0.742658616204
980.0	0.660599484797	0.669459722879
981.0	0.795744880862	0.700575858971
982.0	0.807794365282	0.717211149812
983.0	0.751917200174	0.718075076414
984.0	0.625316887967	0.700871277415
985.0	0.392098820075	0.724079763137
986.0	0.12579597881	0.692194566816
987.0	0.394868795071	0.718596550916
988.0	0.268346690236	0.701437019639
989.0	0.156270169841	0.704766341492
990.0	0.0877466810707	0.701019021719
991.0	0.0333716940762	0.714716310851
992.0	0.0142613908751	0.720306120965
993.0	0.0287439185719	0.684420569765
994.0	0.0495469451962	0.700466542931
995.0	0.0915280165774	0.716463810683
996.0	0.188667533135	0.713330425609
997.0	0.214561250705	0.701041128925
998.0	0.27808979916	0.68816237042
999.0	0.331788991012	0.701149560365
1000.0	-0.0709723950773	0.713973485012
1001.0	0.0353916162936	0.704119108664
1002.0	0.166341970292	0.701698114557
1003.0	0.222506042305	0.711990839512
1004.0	0.295580251926	0.703091760378
1005.0	0.330466062686	0.674426611409
1006.0	0.345653832653	0.68613006773
1007.0	0.357818553663	0.704292604935
1008.0	0.349134843689	0.705493215794
1009.0	1.0273256889	0.705199866144
1010.0	1.1999427931	0.687748047539
1011.0	0.670052992058	0.696205255402
1012.0	0.202491067245	0.729233598705
1013.0	0.314313028843	0.710558607313
1014.0	0.104510352335	0.707274703139
1015.0	-0.00230864596392	0.713520932047
1016.0	0.0158056823895	0.684006681774
1017.0	0.0770179635207	0.695489060275
1018.0	0.210727545413	0.705022097061
1019.0	0.405687575362	0.685010153522
1020.0	0.620238188619	0.720521141596
1021.0	0.87093696878	0.736946690759
1022.0	1.10306097963	0.706995352013
1023.0	1.32228894607	0.726754385875
1024.0	1.11630279945	0.677037564985
1025.0	0.88656836912	0.689068793789
1026.0	0.708846052259	0.689985472295
1027.0	0.544042458429	0.733499464934
1028.0	0.458323483911	0.704325743974
1029.0	0.396330210105	0.711799147461
1030.0	0.439203774075	0.691212566412
1031.0	0.526496125381	0.698502168313
1032.0	0.712856028594	0.721735479426
1033.0	0.950347658311	0.684126433583
1034.0	1.24760481985	0.696720682696
1035.0	1.20097373946	0.643430958988
1036.0	0.997483942836	0.700098397014
1037.0	0.804909913706	0.709036946961
1038.0	0.571841714355	0.680936195909
1039.0	-0.0748022712464	0.695939583239
1040.0	-0.182401550816	0.705450424145
1041.0	-0.302991333136	0.699034216278
1042.0	-0.301335859305	0.696248789971
1043.0	-0.304978461652	0.692795436914
1044.0	-0.347816704156	0.718785164637
1045.0	-0.396250901575	0.712937139507
1046.0	-0.482922452218	0.712311324172
1047.0	-0.54634600396	0.705743692148
1048.0	-0.587889805886	0.716272908149
1049.0	-0.639859494902	0.692705546581
1050.0	-0.674295046474	0.725554005053
1051.0	-0.689084006665	0.71074058934
1052.0	-0.692396545402	0.691405208671
1053.0	-0.17402290356	0.691709883973
1054.0	-0.0762602697406	0.70289923159
1055.0	-0.0260264420506	0.713715571094
1056.0	0.0611003643033	0.687471276565
1057.0	0.126085491133	0.6913611254
1058.0	0.126051873392	0.699018021627
1059.0	0.126718126375	0.688722289577
1060.0	0.0927738851897	0.697129116674
1061.0	0.0293091247295	0.713018082727
1062.0	-0.0322793557958	0.712835782532
1063.0	-0.0987389668379	0.699617989138
1064.0	-0.146281984964	0.721289548535
1065.0	-0.153170892707	0.701109006718
1066.0	-0.107421277184	0.699920847383
1067.0	-0.0397859970949	0.69290937458
1068.0	-0.347909035306	0.694098161991
1069.0	-0.152718246729	0.701273955394
1070.0	0.0732326883078	0.701473363917
1071.0	0.32666577732	0.717408931557
1072.0	1.03274303737	0.702641670698
1073.0	1.32261748742	0.69521129798
1074.0	1.37298993347	0.678076376291
1075.0	0.897086504024	0.715736376686
1076.0	0.442993569636	0.693542281627
1077.0	0.209764637264	0.712015583789
1078.0	0.139288022109	0.698014162453
1079.0	0.0749364167989	0.690997133133
1080.0	0.027471972805	0.699260536104
1081.0	-0.00155622458478	0.684133261404
1082.0	-0.0232576762067	0.711359678605
1083.0	-0.0422600866189	0.701087341825
1084.0	-0.0569035489733	0.701614990385
1085.0	-0.0240758912433	0.700961113111
1086.0	0.027036027759	0.689762527448
1087.0	0.088278765191	0.718960430813
1088.0	0.194583675986	0.707910548027
1089.0	0.303816685165	0.721513649397
1090.0	0.405907071554	0.680614949561
1091.0	0.148132117359	0.698333164753
1092.0	0.365190155138	0.681144617666
1093.0	0.495581324326	0.697051140519
1094.0	0.516366531535	0.704416916439
1095.0	0.457656052205	0.703972092548
1096.0	0.317100224596	0.705503384375
1097.0	0.127604201651	0.722785346252
1098.0	0.40191948354	0.710250484331
1099.0	0.347239434682	0.727659751569
1100.0	0.282562161656	0.701987868431
1101.0	0.397794192429	0.682448194607
1102.0	0.665346608915	0.72140812689
1103.0	1.02829032216	0.723775314149
1104.0	1.40127517946	0.709619925484
1105.0	1.28139896219	0.71082896407
1106.0	1.13501384673	0.71585700038
1107.0	0.54876873458	0.712636470649
1108.0	0.61143796682	0.714186692072
1109.0	0.698183790104	0.702430481795
1110.0	0.812096828285	0.684483143104
1111.0	0.938759174308	0.700350330886
1112.0	1.08604145849	0.692991071758
1113.0	1.20917494737	0.719732780423
1114.0	1.27516579476	0.718301350876
1115.0	1.25353328694	0.686779536049
1116.0	1.19249096194	0.68972567608
1117.0	1.56280157943	0.726557101255
1118.0	1.47086137781	0.696130861647
1119.0	1.36326249758	0.723688582946
1120.0	1.1561901159	0.699800029227
1121.0	0.938434830526	0.719116654074
1122.0	0.698635323014	0.714203115869
1123.0	0.43519040561	0.699701376235
1124.0	0.120571612199	0.711389409
1125.0	-0.147208203717	0.723523860809
1126.0	-0.367730345705	0.699247108967
1127.0	-0.48286873727	0.703226715151
1128.0	-0.544166367438	0.69157592471
1129.0	-0.606125026698	0.707651091965
1130.0	-0.592655064752	0.725947196489
1131.0	-0.529992970896	0.728799401483
1132.0	-0.434788108438	0.721372297497
1133.0	-0.119606798667	0.676141295638
1134.0	0.158907737286	0.723646374891
1135.0	0.477578901143	0.702057359015
1136.0	0.812870142238	0.717770888422
1137.0	1.07002205478	0.672755532512
1138.0	0.831849703354	0.702636893467
1139.0	1.14097484241	0.705984225221
1140.0	1.38835077038	0.719514296087
1141.0	1.5791033074	0.705018089241
1142.0	1.65022145789	0.705877268873
1143.0	1.63928157978	0.71149040423
1144.0	1.52176992715	0.697237939191
1145.0	1.33411054232	0.698290218153
1146.0	1.10902022779	0.704514962009
1147.0	1.4755221737	0.700499910516
1148.0	1.39560532456	0.686472028088
1149.0	1.34756265817	0.689349926962
1150.0	1.17016508766	0.72515389356
1151.0	0.948919886265	0.718925405006
1152.0	0.721882732917	0.704349617262
1153.0	0.50096055614	0.668225988323
1154.0	0.270268738207	0.710796529835
1155.0	0.229102624101	0.699070634772
1156.0	0.279818315281	0.732355994074
1157.0	0.321687867752	0.666259964376
1158.0	0.372167381558	0.706138965278
1159.0	0.402684576615	0.721655732529
1160.0	0.0297543603319	0.695563958986
1161.0	0.247794879534	0.709947772798
1162.0	0.582824821548	0.69522168005
1163.0	0.879825492921	0.698049399082
1164.0	1.17592871307	0.703829906283
1165.0	1.165631231	0.704146832006
1166.0	0.93123504688	0.697637908843
1167.0	0.654694921067	0.70803561644
1168.0	0.807720253404	0.727704936494
1169.0	0.882347319043	0.685049552954
1170.0	0.845436372498	0.726373790635
1171.0	0.844250955177	0.713679566587
1172.0	0.873913565514	0.699282259467
1173.0	0.944120942108	0.678179348908
1174.0	1.05117851618	0.704407806565
1175.0	1.15217104467	0.693178446126
1176.0	1.2984430701	0.700859176471
1177.0	1.43725507963	0.71099980681
1178.0	1.16935903951	0.689647169734
1179.0	0.918501538774	0.714028791721
1180.0	0.695612035807	0.681514065217
1181.0	0.510943023188	0.700468310604
1182.0	0.39879937249	0.697463036409
1183.0	0.372875553995	0.688475562276
1184.0	0.362394414083	0.717246952019
1185.0	0.321824337858	0.709663161024
1186.0	0.314653423356	0.68114906564
1187.0	0.354915159774	0.687862733673
1188.0	0.386546608331	0.69592417281
1189.0	0.413419107623	0.704632956158
1190.0	-0.0125496178497	0.699390103933
1191.0	0.0388098207534	0.69545136447
1192.0	0.0624026212472	0.708362738618
1193.0	0.0914145748553	0.712856089516
1194.0	0.10145028181	0.698681070505
1195.0	0.128175612018	0.686155772903
1196.0	0.124237488037	0.653645983471
1197.0	0.156641247556	0.695164499073
1198.0	0.210123346159	0.710767036419
1199.0	0.274174810111	0.717035969597
1200.0	0.282631392457	0.694995494586
1201.0	0.309639441366	0.676047334191
1202.0	0.286225377946	0.685400697947
1203.0	0.232577704171	0.715067531435
1204.0	0.169790869565	0.717311951516
1205.0	0.100924317838	0.682604929536
1206.0	0.0710340743249	0.719260365541
1207.0	0.0437466918317	0.709143351972
1208.0	0.308470362757	0.727090725292
1209.0	0.767534404529	0.69845703177
1210.0	1.26046086045	0.675098406543
1211.0	1.02721496781	0.687691733602
1212.0	0.814153983997	0.701670294182
1213.0	0.634774390445	0.670572848698
1214.0	0.463140911822	0.738082584498
1215.0	0.303518970352	0.701025362101
1216.0	0.215992406878	0.687715003133
1217.0	0.0991733674425	0.727551793219
1218.0	-0.00692291934197	0.70159424769
1219.0	-0.0837708884203	0.698453504859
1220.0	-0.107378500634	0.707809272888
1221.0	-0.156398940321	0.73263543903
1222.0	-0.16884224659	0.664491274374
1223.0	-0.187491079425	0.703946122724
1224.0	-0.171009441349	0.682694947912
1225.0	0.280587436718	0.676597252674
1226.0	0.348266661875	0.702677803343
1227.0	0.372166832061	0.705354868507
1228.0	0.394236890346	0.691961663182
1229.0	0.392996942483	0.688573384578
1230.0	0.360170993239	0.703860338722
1231.0	0.333694170166	0.695681580045
1232.0	0.302206854399	0.689433486881
1233.0	0.271508370888	0.69935919427
1234.0	0.208032367793	0.707775689718
1235.0	0.163016702145	0.715277829862
1236.0	0.109897129774	0.683503254716
1237.0	0.0698582810323	0.714464869003
1238.0	0.0131794878459	0.728688205854
1239.0	-0.0299548467705	0.732730545931
1240.0	-0.0222169101785	0.711501439922
1241.0	-0.0456735754373	0.708220784128
1242.0	-0.0204276011584	0.720070945627
1243.0	0.0527592317246	0.708774746109
1244.0	0.122024649667	0.69948250546
1245.0	0.194124246479	0.693456080849
1246.0	0.284877502981	0.688002760383
1247.0	0.371699978345	0.680048085632
1248.0	0.452484472274	0.715948302446
1249.0	0.481105983031	0.699896920595
1250.0	0.544101941383	0.71720486955
1251.0	0.55125702473	0.705408764828
1252.0	0.547636696637	0.691194918824
1253.0	0.491413803496	0.683886140435
1254.0	0.405549695138	0.696370040999
1255.0	0.307220655328	0.72381286806
1256.0	0.163759561487	0.707764762878
1257.0	-0.0351450923614	0.735540490455
1258.0	-0.237217998671	0.688891939998
1259.0	-0.381396088244	0.68274697473
1260.0	-0.471238504391	0.682925286992
1261.0	-0.515548467545	0.706172964443
1262.0	-0.58002505076	0.693326447989
1263.0	-0.586016649658	0.702002220358
1264.0	-0.586207717084	0.686679132796
1265.0	-0.516665622845	0.662016357619
1266.0	-0.303145798527	0.703655614134
1267.0	-0.0213134440233	0.70800790779
1268.0	0.28902111213	0.701301066119
1269.0	0.656498771437	0.713251988001
1270.0	1.03411459393	0.699668326831
1271.0	1.43986277463	0.717000058876
1272.0	1.03378390716	0.692558058304
1273.0	0.704133938362	0.651414647954
1274.0	0.438903210866	0.687331363424
1275.0	0.431212674592	0.681287308943
1276.0	-0.0139171067904	0.708611823325
1277.0	-0.00780109024739	0.686966288692
1278.0	0.452753421678	0.714421669103
1279.0	0.551043796639	0.685938245501
1280.0	0.819505336408	0.704751427238
1281.0	1.17169835359	0.710991687436
1282.0	1.42531983879	0.710611417692
1283.0	1.08938036724	0.688364884606
1284.0	0.739804051482	0.703917224336
1285.0	0.415210324591	0.707090778372
1286.0	0.129365459699	0.682195975472
1287.0	-0.164852364828	0.717752032914
1288.0	-0.389212340941	0.708724063356
1289.0	-0.505211939224	0.734115984305
1290.0	-0.636337310128	0.709998660713
1291.0	-0.73720670915	0.705868659541
1292.0	-0.849233323921	0.714216006927
1293.0	-0.944972661189	0.721864496905
1294.0	-1.01160005508	0.705330756178
1295.0	-1.08644165903	0.685244857089
1296.0	-1.12061789459	0.689970835898
1297.0	-1.12240012426	0.717420431457
1298.0	-1.07409582127	0.680561080037
1299.0	-1.02328605482	0.71859123872
1300.0	-0.898583536403	0.703953829564
1301.0	-0.760282925484	0.71368696314
1302.0	-0.547177727495	0.710741200387
1303.0	-0.348588262629	0.706203117943
1304.0	-0.035391657204	0.698595641639
1305.0	-0.05176914102	0.698180530507
1306.0	0.362249784456	0.738623630764
1307.0	0.719243673691	0.684431092306
1308.0	1.03909217203	0.688382235044
1309.0	1.33785643381	0.671369397896
1310.0	0.870904601265	0.701558595466
1311.0	0.484776336891	0.698578825711
1312.0	0.375177406175	0.712520050267
1313.0	0.36958115783	0.695034800217
1314.0	0.381954991054	0.692013907749
1315.0	0.37504910771	0.706453834192
1316.0	0.198394934943	0.717733433637
1317.0	0.132322878678	0.719562267442
1318.0	0.306400452185	0.709164953942
1319.0	0.494943635019	0.686460030917
1320.0	0.672089006764	0.707570959375
1321.0	0.836152128172	0.735520617836
1322.0	0.936645342293	0.686249711754
1323.0	1.01396567268	0.693570596065
1324.0	1.04010756386	0.725021816484
1325.0	0.998954814231	0.707440443331
1326.0	0.911402530457	0.696722559981
1327.0	0.761671673216	0.73403306383
1328.0	0.577355967344	0.707075317373
1329.0	0.342769497306	0.679225054174
1330.0	0.144043548102	0.714624086285
1331.0	-0.0418845776386	0.731521717819
1332.0	0.35341652791	0.679300769775
1333.0	0.322661552911	0.678328419235
1334.0	0.315063281312	0.699538164698
1335.0	-0.100657553254	0.720614019409
1336.0	0.0326539601234	0.696477444809
1337.0	0.145261442716	0.712466289434
1338.0	0.206077048397	0.716906538306
1339.0	0.210396935044	0.711185226198
1340.0	0.180065496467	0.704901805742
1341.0	0.131577203466	0.678546270674
1342.0	0.0592847393162	0.71925634819
1343.0	0.00454563005269	0.691280845408
1344.0	-0.00604285120741	0.684541168704
1345.0	-0.00989728449807	0.694928997254
1346.0	0.0655666370796	0.672241448819
1347.0	0.117495308456	0.714634625452
1348.0	0.199479812414	0.683299845496
1349.0	0.234688838414	0.710307024397
1350.0	0.212544396624	0.713487966919
1351.0	0.155307351356	0.701427635124
1352.0	0.104943965426	0.709416410023
1353.0	-0.0109799611975	0.692451167622
1354.0	0.384157978962	0.678112888065
1355.0	0.353237274106	0.70489823754
1356.0	0.722080516818	0.688033601661
1357.0	1.13264937936	0.70967788201
1358.0	1.32531277653	0.671674245643
1359.0	1.08090579479	0.691025515031
1360.0	0.925599527863	0.700041891009
1361.0	0.851682705492	0.69980383403
1362.0	0.845979046421	0.708862577747
1363.0	0.938679242736	0.704461029641
1364.0	1.01398429051	0.715024002054
1365.0	1.19459645531	0.706875179786
1366.0	1.31695295571	0.680839411084
1367.0	1.42247480201	0.688060108451
1368.0	1.16150038237	0.712509033894
1369.0	0.943244674345	0.713100190657
1370.0	0.767243052427	0.683271396228
1371.0	0.646894018519	0.675954310167
1372.0	0.629570696449	0.697796751765
1373.0	0.710430581464	0.688642340315
1374.0	0.901444041451	0.721550106244
1375.0	1.13471703363	0.721417345318
1376.0	1.21046325572	0.701717410608
1377.0	1.06579440543	0.685992119299
1378.0	0.924262551756	0.72188875642
1379.0	0.901041798208	0.737967963899
1380.0	0.973822059179	0.679198380873
1381.0	1.09117938223	0.685856652059
1382.0	1.30004174045	0.716251333264
1383.0	1.39995918626	0.737034820242
1384.0	1.2019482864	0.716584201086
1385.0	0.993369973268	0.735448461989
1386.0	0.349451830089	0.709052827183
1387.0	0.209191683504	0.712570292089
1388.0	0.0965517897615	0.720559718391
1389.0	0.0626031882499	0.703970541881
1390.0	-0.0300793170666	0.705130517073
1391.0	0.377439280945	0.705812364109
1392.0	0.36078035164	0.734009885527
1393.0	0.377026686198	0.705841660204
1394.0	0.51140318048	0.691498880616
1395.0	0.668405745417	0.67867639444
1396.0	0.783133832852	0.698935267075
1397.0	0.847784350281	0.72550222876
1398.0	0.885155898294	0.686244394394
1399.0	0.80018072296	0.673034840881
1400.0	0.672274259085	0.699598505092
1401.0	0.462617497495	0.710003677752
1402.0	0.272231580737	0.699955138564
1403.0	0.308672968915	0.719882847255
1404.0	0.372044050216	0.696798432352
1405.0	0.415594206225	0.68904018079
1406.0	0.089187905674	0.695435010191
1407.0	0.235650148223	0.735160620548
1408.0	0.349624063161	0.686004432154
1409.0	0.393520970771	0.68810159689
1410.0	0.408603813559	0.702586006943
1411.0	0.297163259817	0.729433268529
1412.0	0.178380354699	0.695887011581
1413.0	0.0225737021242	0.720461503388
1414.0	0.362211134037	0.704315533047
1415.0	0.271058770763	0.699095490757
1416.0	0.241712972132	0.719528386839
1417.0	0.197561769377	0.696118290107
1418.0	0.167669149364	0.716614335214
1419.0	0.183327166175	0.684716700265
1420.0	0.194634801868	0.721523112384
1421.0	0.221829050382	0.688913170845
1422.0	0.270266903599	0.701962426904
1423.0	0.305133555588	0.708622392678
1424.0	0.506250433953	0.708240233209
1425.0	0.827384330829	0.705872955642
1426.0	1.12514939951	0.702999582383
1427.0	1.36973402336	0.702835330362
1428.0	1.40756039283	0.733103147026
1429.0	1.27429126666	0.739193843565
1430.0	1.1731387429	0.685358850251
1431.0	1.12155409597	0.726327759907
1432.0	1.1526507971	0.705632159205
1433.0	1.07422640525	0.688493844047
1434.0	0.676436161249	0.701064728377
1435.0	0.187240616239	0.667437076386
1436.0	-0.0920072851982	0.733523772824
1437.0	-0.0925943074125	0.698353176991
1438.0	-0.0948934404723	0.700057237894
1439.0	-0.0728554686014	0.713318665872
1440.0	-0.0362377110332	0.715032057127
1441.0	0.0166704942982	0.695183543378
1442.0	0.0530597446203	0.709448322009
1443.0	0.0801341749331	0.698327937943
1444.0	0.125843794994	0.705354880255
1445.0	0.157809215734	0.706629137233
1446.0	0.177409915855	0.692729028298
1447.0	0.20216372775	0.719553218549
1448.0	0.196771665028	0.741081356984
1449.0	0.203068757616	0.695117478831
1450.0	0.206344175758	0.700144977454
1451.0	0.193698567922	0.710745808449
1452.0	0.193845087251	0.687570739115
1453.0	0.207736795222	0.717868186995
1454.0	0.647867702478	0.692347171653
1455.0	1.08009690383	0.698365632296
1456.0	0.391965700774	0.701995820318
1457.0	-0.185002924596	0.697276478612
1458.0	-0.563630255356	0.71251308503
1459.0	-0.720860428636	0.715628105969
1460.0	-0.791521792144	0.70666225648
1461.0	-0.8248071024	0.716131444894
1462.0	-0.78448559677	0.698258308177
1463.0	-0.744737143772	0.707894661169
1464.0	-0.630857063894	0.709951670217
1465.0	-0.567561910403	0.703905697936
1466.0	-0.468712878955	0.688699194388
1467.0	-0.430012455579	0.698329567411
1468.0	-0.359523835582	0.712232879603
1469.0	-0.369726173551	0.714452355606
1470.0	-0.383886005228	0.699986329804
1471.0	-0.413644029757	0.705747907739
1472.0	-0.86462431791	0.701178931567
1473.0	-0.849523802609	0.702320888201
1474.0	-0.864503980406	0.691561354284
1475.0	-0.900515255182	0.706692991772
1476.0	-0.920898583384	0.733213447394
1477.0	-0.93663481198	0.694176255098
1478.0	-0.425972774627	0.697857571494
1479.0	-0.355996390737	0.694750385073
1480.0	-0.234149353214	0.696809645405
1481.0	-0.0205626850915	0.710443129582
1482.0	0.190087046418	0.712636235574
1483.0	0.302256567608	0.711843703946
1484.0	0.37992165711	0.721042033206
1485.0	0.362717663205	0.725184353536
1486.0	0.225248348003	0.71472826897
1487.0	0.0254169173398	0.715082419319
1488.0	-0.195356127201	0.691118582108
1489.0	-0.379628587813	0.710759510524
1490.0	-0.460431204951	0.712684637003
1491.0	-0.523568253147	0.686867145849
1492.0	-0.592045330944	0.676373742805
1493.0	-0.574754807847	0.70568966973
1494.0	-0.592382911141	0.702169850296
1495.0	-0.574500443383	0.70891733796
1496.0	-0.546011995199	0.723534805347
1497.0	-0.485041049591	0.699087710979
1498.0	-0.420681608395	0.685275213829
1499.0	-0.330740653169	0.705800267456
1500.0	-0.187001376945	0.750072035448
1501.0	0.00901845781208	0.676113040254
1502.0	-0.241060892042	0.691777215672
1503.0	0.0527620447178	0.710352214979
1504.0	0.29940776534	0.688674940454
1505.0	0.532062362396	0.695175204185
1506.0	0.724356795062	0.671781602063
1507.0	0.912910591766	0.697616890732
1508.0	1.54759878483	0.699155162418
1509.0	1.23084000229	0.706124644192
1510.0	0.901959372243	0.690118279776
1511.0	0.618240533158	0.699428679851
1512.0	0.371060502815	0.686591322686
1513.0	0.267758800277	0.723696026507
1514.0	0.251854451058	0.711222822281
1515.0	0.216815018504	0.692574185538
1516.0	0.202330624371	0.697507328648
1517.0	0.162408881314	0.720092795416
1518.0	0.17612835435	0.714125507411
1519.0	0.167399310708	0.70149821145
1520.0	0.182396555575	0.686519443583
1521.0	0.237510110249	0.706813188916
1522.0	0.244000635076	0.698837105056
1523.0	0.326719337272	0.690881039708
1524.0	0.358112645973	0.722130119668
1525.0	0.391780416844	0.700402368195
1526.0	-0.00997602368065	0.684941998451
1527.0	-0.0134896566314	0.702723496741
1528.0	-0.024328143077	0.72528556497
1529.0	-0.00852565291408	0.704714925055
1530.0	0.100787062589	0.686248961088
1531.0	0.55200230031	0.700527085802
1532.0	1.06876823853	0.687623625467
1533.0	0.870200816218	0.702213879952
1534.0	0.54283893086	0.712905149479
1535.0	0.192108185666	0.683518633171
1536.0	-0.094480468506	0.70088739855
1537.0	-0.361509025162	0.697896021435
1538.0	-0.616938533727	0.704631577977
1539.0	-0.306223560108	0.696646046624
1540.0	-0.343209462839	0.675642417925
1541.0	-0.398482120946	0.682138828245
1542.0	-0.427601892735	0.709964687837
1543.0	-0.403056711167	0.671008229394
1544.0	-0.37762294113	0.71406790958
1545.0	-0.234980770559	0.707903418863
1546.0	-0.0824183820752	0.692789692734
1547.0	0.0870924650005	0.713835419343
1548.0	0.254845462609	0.693781730457
1549.0	0.404944954857	0.697858121602
1550.0	0.521420683917	0.711941117147
1551.0	0.617521892931	0.706916130347
1552.0	0.278827515428	0.709068385023
1553.0	0.466269088013	0.702127848637
1554.0	0.682881311113	0.71337082808
1555.0	0.887082307342	0.709533958302
1556.0	1.09902364947	0.685938941826
1557.0	1.15228109606	0.715266945224
1558.0	0.746957983451	0.722084898542
1559.0	0.382825879656	0.70831186428
1560.0	0.57080883673	0.712926458473
1561.0	0.433870327368	0.721509221597
1562.0	0.412189912017	0.685733841092
1563.0	0.420779931204	0.69769016962
1564.0	0.419757139961	0.746944025819
1565.0	0.430803751802	0.694736814984
1566.0	0.415552228267	0.71823435134
1567.0	0.42076848172	0.712429027052
1568.0	0.381782547532	0.707630999923
1569.0	0.364142416009	0.734329902559
1570.0	0.355183840944	0.680504081187
1571.0	0.43626890173	0.718590292127
1572.0	0.451042878927	0.706298490931
1573.0	0.377227854998	0.728968159653
1574.0	0.24624665845	0.693315926769
1575.0	0.132025531982	0.698199507916
1576.0	0.0843137136273	0.688910788147
1577.0	0.0470838961627	0.696723809828
1578.0	0.0176623524512	0.714065497907
1579.0	0.000767106371061	0.704959344552
1580.0	-0.000880624217348	0.698774862592
1581.0	-0.0361513975179	0.719091305314
1582.0	-0.0161060767722	0.698530277137
1583.0	-0.00791428822858	0.688960729576
1584.0	-0.00120737684759	0.695480786713
1585.0	0.017960367833	0.705552810762
1586.0	0.0161687305511	0.709763926082
1587.0	0.0370202405111	0.672500589183
1588.0	0.0779786919097	0.764465420426
1589.0	0.105665684997	0.698512133092
1590.0	0.13325548179	0.697106285077
1591.0	0.167721088131	0.70119637169
1592.0	0.187060650769	0.689213105576
1593.0	0.22610967285	0.720487794444
1594.0	0.256386157411	0.673948289791
1595.0	0.250628864496	0.673675612679
1596.0	0.263150208586	0.687965658135
1597.0	0.28803280372	0.728817332262
1598.0	0.277699614533	0.684995566107
1599.0	0.360416930835	0.71684035907
1600.0	0.799618339509	0.696766133164
1601.0	1.39607814951	0.708097169565
1602.0	1.14090304955	0.700708796118
1603.0	0.518362050898	0.698203950236
1604.0	-0.332401602776	0.718301965659
1605.0	-0.595199407574	0.707419255972
1606.0	-0.672909297815	0.717183031103
1607.0	-0.739998975007	0.700838640798
1608.0	-0.765758853018	0.72286181196
1609.0	-0.748484922949	0.715765301903
1610.0	-0.712183961669	0.70930201021
1611.0	-0.678594328519	0.679250341611
1612.0	-0.657654688825	0.684084185466
1613.0	-0.637322895547	0.719392455019
1614.0	-0.641892575263	0.680235537202
1615.0	-0.655616105672	0.735523816101
1616.0	-0.67377387126	0.714521829702
1617.0	-0.646409077557	0.722290202049
1618.0	0.19706289027	0.687689584918
1619.0	0.7167563773	0.685716437918
1620.0	1.24757373747	0.712706101107
1621.0	1.00566115797	0.661989013878
1622.0	0.308653748264	0.69756037202
1623.0	0.285692046346	0.711672377071
1624.0	0.32443352787	0.712348573241
1625.0	0.337168591732	0.680306306048
1626.0	0.352999345006	0.720842219286
1627.0	0.363906642879	0.70879570156
1628.0	0.403594288878	0.690766332034
1629.0	-0.0671486712704	0.737640413946
1630.0	-0.0621084914014	0.689588398752
1631.0	-0.049874661337	0.716389863172
1632.0	0.381610939494	0.66893705609
1633.0	0.377095020704	0.722019572401
1634.0	0.329381731023	0.707938389343
1635.0	0.289802681234	0.696380200102
1636.0	0.253694661858	0.701148211248
1637.0	0.200327137848	0.678744423691
1638.0	0.192183839269	0.687368209438
1639.0	0.587910202792	0.685437052008
1640.0	0.973240945623	0.699563403305
1641.0	1.19277025339	0.717157820364
1642.0	0.928451090769	0.692071653909
1643.0	0.729683355563	0.701302985906
1644.0	0.517123513141	0.717825267563
1645.0	0.412089313475	0.715240512633
1646.0	0.348730454629	0.723933918778
1647.0	0.302940751934	0.712617496231
1648.0	0.281518276658	0.730222918234
1649.0	0.269164138305	0.693381344075
1650.0	0.269972647753	0.685518495671
1651.0	-0.198483625594	0.7222202473
1652.0	-0.137247276018	0.702399474755
1653.0	-0.0576418215749	0.698380955551
1654.0	-0.0598271459181	0.731156864268
1655.0	-0.05843364652	0.716689720057
1656.0	-0.0651875719998	0.686368775177
1657.0	-0.0877112677771	0.699445951352
1658.0	-0.126799471497	0.695681726865
1659.0	-0.204201337892	0.704416313319
1660.0	0.297947202916	0.703785847608
1661.0	0.309126781628	0.676983653542
1662.0	0.341202047669	0.702527265641
1663.0	0.304930541946	0.709635528802
1664.0	0.259499793014	0.684186722473
1665.0	0.225818220722	0.692782771053
1666.0	0.238072531079	0.743309655737
1667.0	0.254059112465	0.711704809145
1668.0	0.306114246525	0.703985152297
1669.0	0.322910990905	0.694554137962
1670.0	0.327864039387	0.68372232391
1671.0	-0.0790157016902	0.686060487942
1672.0	0.00286844310246	0.697334590972
1673.0	0.0231869407276	0.718095552775
1674.0	-0.022142728489	0.669664749278
1675.0	-0.0696965622823	0.703093159621
1676.0	-0.0715028093067	0.717363493217
1677.0	-0.12236129073	0.713492192437
1678.0	-0.172588549063	0.674170219671
1679.0	-0.175887172757	0.690007096523
1680.0	-0.194020618728	0.720225083944
1681.0	-0.162336988921	0.687663996577
1682.0	-0.118252500133	0.713801087955
1683.0	-0.0918161509942	0.733543026538
1684.0	0.0536135069641	0.707765956584
1685.0	0.182983073407	0.702212820376
1686.0	0.289543355174	0.696579699948
1687.0	0.324484414392	0.727297135195
1688.0	0.274329089062	0.714593107737
1689.0	0.717379308944	0.718023858341
1690.0	0.69859664543	0.718616322094
1691.0	0.59684659652	0.684602110527
1692.0	0.444893699499	0.72113893694
1693.0	0.264885013028	0.730926312703
1694.0	0.128582196264	0.681435853449
1695.0	-0.05196640216	0.703445869616
1696.0	-0.133585820231	0.701134362697
1697.0	-0.206936717367	0.695328309005
1698.0	-0.185748582272	0.684825415394
1699.0	-0.134937223475	0.734712307602
1700.0	-0.0308177486413	0.705296047246
1701.0	0.123815789964	0.717901499496
1702.0	0.288962994038	0.689086005325
1703.0	0.437257454024	0.698050788772
1704.0	0.52864423527	0.685148557994
1705.0	0.602394114222	0.701726925421
1706.0	0.666270205404	0.671100615806
1707.0	0.677265258185	0.685084674368
1708.0	0.689721773059	0.719800044375
1709.0	0.709910932999	0.706035759619
1710.0	0.751102345583	0.684601131737
1711.0	0.787944942078	0.70442159647
1712.0	0.86086756016	0.687401751145
1713.0	0.616269676222	0.705598306154
1714.0	0.577518298242	0.716145387178
1715.0	0.700539774984	0.686747203049
1716.0	0.82294148295	0.714080598058
1717.0	1.47347261985	0.711442271254
1718.0	1.42258257258	0.714103624546
1719.0	1.05406638888	0.724235575612
1720.0	0.665700370416	0.692604887125
1721.0	0.373249337825	0.71642975719
1722.0	0.34467716122	0.702719461553
1723.0	0.341609865134	0.710240150342
1724.0	0.321109301958	0.6957931214
1725.0	0.295959983672	0.699705422967
1726.0	0.297835833663	0.707857415179
1727.0	0.28610020212	0.717664881008
1728.0	0.258622778171	0.688373603338
1729.0	0.213581775916	0.699689644426
1730.0	0.211660914303	0.711537686095
1731.0	0.187514575976	0.697338595978
1732.0	0.198216102093	0.709943425235
1733.0	0.188068590668	0.688907202124
1734.0	0.211840149996	0.698698449819
1735.0	0.210956958997	0.665198476409
1736.0	0.241641330464	0.709820368348
1737.0	0.279389990128	0.701285344617
1738.0	0.302368054412	0.710899342897
1739.0	0.312140243516	0.705856851037
1740.0	0.358487687116	0.694716589508
1741.0	0.388657079586	0.691494701868
1742.0	0.395853788387	0.69179667361
1743.0	0.658057149822	0.697932002768
1744.0	1.42291376593	0.709146157361
1745.0	1.06203229252	0.703724487601
1746.0	0.437680569014	0.699969444177
1747.0	-0.11145670173	0.689058807826
1748.0	-0.494670165379	0.700453922509
1749.0	-0.696528622143	0.688164695457
1750.0	-0.851496477983	0.687450337667
1751.0	-0.942921390937	0.703111047986
1752.0	-0.958587486187	0.701486939682
1753.0	-0.935867171189	0.687034448198
1754.0	-0.849364126938	0.711519820145
1755.0	-0.733921831831	0.708930502536
1756.0	-0.563568797807	0.701471262022
1757.0	-0.443819478506	0.730241265137
1758.0	-0.154520346872	0.681758070411
1759.0	0.103357091926	0.700206387552
1760.0	0.315060371536	0.699207313764
1761.0	0.484853258162	0.715198482868
1762.0	0.605052128187	0.708822791916
1763.0	0.690917911219	0.716025419939
1764.0	0.36849886656	0.727857456048
1765.0	0.51237351008	0.662468412886
1766.0	0.555156879575	0.693920422096
1767.0	0.546257062335	0.707531994747
1768.0	0.405064513895	0.684115946248
1769.0	0.149489546292	0.701938163901
1770.0	-0.167997116211	0.67023963861
1771.0	-0.573278884012	0.712611125395
1772.0	-0.305920702734	0.688523402077
1773.0	-0.46876588584	0.709433302602
1774.0	-0.594181621476	0.675498849882
1775.0	-0.650665019001	0.725502459727
1776.0	-0.662223828473	0.687816029077
1777.0	-0.524307772983	0.705004901955
1778.0	-0.34320185149	0.695641499484
1779.0	-0.0532287140537	0.694861636997
1780.0	0.222445972343	0.683170271736
1781.0	0.496129537224	0.690963295961
1782.0	0.773230144668	0.677584746715
1783.0	0.986654673121	0.697038677026
1784.0	1.1759524124	0.722480190327
1785.0	1.12108710776	0.694430877851
1786.0	1.13972293761	0.698194027661
1787.0	1.26048653286	0.697539741895
1788.0	1.28217625939	0.682997365735
1789.0	1.17291269415	0.674057383302
1790.0	0.948008174801	0.737103117527
1791.0	0.70864184783	0.718384258901
1792.0	0.408677875291	0.690765046477
1793.0	0.154483242247	0.694702241842
1794.0	-0.110082783896	0.717337218531
1795.0	-0.261417496842	0.705836974599
1796.0	-0.341855143399	0.714507418998
1797.0	-0.323780563308	0.705136432333
1798.0	-0.200021208215	0.690250599604
1799.0	-0.00928273898209	0.702570054617
1800.0	0.22696917656	0.70384052176
1801.0	0.493068960706	0.712913001531
1802.0	0.722394485163	0.723218286558
1803.0	0.507274182695	0.726781979817
1804.0	0.743958451357	0.692779011615
1805.0	0.869013719678	0.69742485483
1806.0	0.922566447974	0.702110458306
1807.0	0.810986845849	0.6966303005
1808.0	0.571018554476	0.690843241114
1809.0	0.197504725596	0.70913648258
1810.0	-0.118718790335	0.707256578333
1811.0	-0.235096833086	0.695034018708
1812.0	-0.486719924796	0.728735549211
1813.0	-0.716012486005	0.711264247044
1814.0	-0.964653254526	0.719874232642
1815.0	-1.15847407133	0.683450595028
1816.0	-1.32483530802	0.677789455546
1817.0	-1.42088693741	0.71149783609
1818.0	-1.467760545	0.69290355128
1819.0	-1.45133558802	0.709456712696
1820.0	-1.34270830066	0.692809135728
1821.0	-1.20694301796	0.669894417133
1822.0	-1.00201732255	0.71825678105
1823.0	-0.753217291356	0.716840745184
1824.0	-0.908997273699	0.707405530237
1825.0	-0.4865579988	0.695803717863
1826.0	0.217168927924	0.708736097086
1827.0	0.966778742794	0.699784400894
1828.0	1.59367231655	0.724424875628
1829.0	1.5377502876	0.691502619426
1830.0	0.980372857066	0.697170165613
1831.0	0.852979238983	0.708312693028
1832.0	0.795067399177	0.686661075826
1833.0	0.710636027141	0.71543255864
1834.0	0.571098060612	0.726437130001
1835.0	0.412921933486	0.676092741528
1836.0	0.167455664064	0.708907358822
1837.0	-0.0545229748537	0.674863416904
1838.0	0.311912083813	0.710270045946
1839.0	0.216358729593	0.728202045331
1840.0	0.197122720616	0.683904612509
1841.0	0.15390401678	0.68066145315
1842.0	0.125966291326	0.702139467938
1843.0	0.132390833046	0.692926815565
1844.0	0.153008969176	0.723206370153
1845.0	0.177872262903	0.687133663702
1846.0	0.167069344612	0.692455210942
1847.0	0.184186583061	0.706647339354
1848.0	0.196520754747	0.68690718411
1849.0	0.249203087665	0.706422224895
1850.0	0.273543595166	0.682659937524
1851.0	0.91974321994	0.712998857002
1852.0	1.38662915018	0.696208944373
1853.0	1.00734361991	0.705742010924
1854.0	0.645168272457	0.704132123741
1855.0	0.317738778278	0.70076366766
1856.0	0.0629880176131	0.721503442172
1857.0	-0.170006155115	0.692125603335
1858.0	-0.343103849948	0.732122926937
1859.0	-0.401215092014	0.71100328587
1860.0	-0.487978471034	0.699508483759
1861.0	-0.564123153886	0.680891607403
1862.0	-0.554713041236	0.721538700412
1863.0	-0.565715288537	0.689200564092
1864.0	-0.530291514821	0.693109377141
1865.0	-0.474734451702	0.690688787022
1866.0	-0.337697570652	0.721344284632
1867.0	-0.106260044245	0.732712952512
1868.0	0.0908949911264	0.714231433671
1869.0	0.26454598722	0.711839016155
1870.0	0.407737451041	0.676549209089
1871.0	0.429151772781	0.678113520568
1872.0	0.433174745829	0.702343165608
1873.0	0.411310378255	0.707932316434
1874.0	0.388009077226	0.727416698719
1875.0	0.373675425917	0.704219328441
1876.0	0.394784703041	0.71624368418
1877.0	0.460052216023	0.676760790669
1878.0	0.562431951169	0.679757138281
1879.0	0.707573152778	0.697733000482
1880.0	0.856422022134	0.688911124488
1881.0	1.0175742161	0.677402622828
1882.0	1.19950289322	0.69884527652
1883.0	1.15879860532	0.704308475269
1884.0	0.868972223759	0.693823792471
1885.0	0.627021712287	0.729408164674
1886.0	0.364151522288	0.673542886827
1887.0	0.21912421957	0.685514440267
1888.0	0.24001887934	0.667901438669
1889.0	0.289518119886	0.670825885634
1890.0	0.338213630776	0.674233430602
1891.0	0.352161306397	0.690629029443
1892.0	0.349513415067	0.678435671708
1893.0	0.365414965383	0.678108268484
1894.0	0.589081651637	0.708114116256
1895.0	0.88632292011	0.676980401065
1896.0	1.17830910888	0.710897237057
1897.0	1.49590177413	0.697186439809
1898.0	1.24738767813	0.735530396498
1899.0	1.05796228568	0.682348224915
1900.0	0.980477648379	0.680556224067
1901.0	0.939530175765	0.677296405318
1902.0	0.985854178856	0.676480167505
1903.0	1.11942742967	0.688362546049
1904.0	1.30703367905	0.701893712241
1905.0	1.53238735961	0.685711771655
1906.0	1.10868032679	0.681414989118
1907.0	0.605790783371	0.729827944061
1908.0	0.345285437936	0.686972728103
1909.0	0.345285437936	0.664559533292
1910.0	0.319034589005	0.673834918394
1911.0	0.296002471266	0.665889378574
1912.0	0.277779352366	0.664953200511
1913.0	0.280487671747	0.684730131494
1914.0	0.249216155779	0.687730412714
1915.0	0.255133264199	0.663459407403
1916.0	0.274209771465	0.689407298099
1917.0	0.279986095949	0.679268005228
1918.0	0.270185569922	0.682738507361
1919.0	0.293661477832	0.661969546293
1920.0	0.308292885806	0.667039385589
1921.0	0.326493729854	0.657177737615
1922.0	0.345285437936	0.679552089739
1923.0	0.349257015914	0.662185232528
1924.0	0.849104666343	0.686187672433
1925.0	1.3359187002	0.68529686675
1926.0	1.35633244605	0.708579948153
1927.0	1.08818968985	0.694175050165
1928.0	0.874619314736	0.710073138009
1929.0	0.6867804507	0.684604449311
1930.0	0.577943555647	0.707258314173
1931.0	0.0420138594379	0.709556187633
1932.0	0.0394808971146	0.679360807063
1933.0	0.120335389446	0.673071436519
1934.0	0.167643282945	0.689523398635
1935.0	0.173864379639	0.703598601501
1936.0	0.151541441803	0.653822731136
1937.0	0.0753797984035	0.689820806711
1938.0	0.378939929914	0.677143234563
1939.0	0.260136853765	0.676826432661
1940.0	0.0368310860544	0.731737209304
1941.0	-0.169189753923	0.662782254453
1942.0	-0.410798327321	0.680176293244
1943.0	-0.498309730799	0.687298950667
1944.0	-0.629843563981	0.700108910326
1945.0	-0.733122029573	0.689500310731
1946.0	-0.829205403363	0.715273737343
1947.0	-0.896769896007	0.698933127617
1948.0	-0.993561018585	0.709869963808
1949.0	-1.05522558365	0.718915381574
1950.0	-1.16257471085	0.705584607637
1951.0	-1.22524939301	0.699829973025
1952.0	-1.71077887277	0.699268604064
1953.0	-1.69300858359	0.710248049863
1954.0	-1.64486208726	0.719838868854
1955.0	-1.58197578924	0.699614872577
1956.0	-1.52287336217	0.713519563673
1957.0	-1.47195950535	0.705888702212
1958.0	-1.44361709597	0.710167739654
1959.0	-0.949887679723	0.723581139978
1960.0	-0.86595541535	0.709888019739
1961.0	-0.820023469964	0.708095417285
1962.0	-0.803173709483	0.723738644426
1963.0	-0.764254447076	0.720970375945
1964.0	-0.705231011298	0.717758366428
1965.0	-0.675946124744	0.71776191004
1966.0	-0.625347895693	0.702005627659
1967.0	-0.61290227497	0.722884037368
1968.0	-0.573891718646	0.682735299188
1969.0	-0.480867525703	0.666466554895
1970.0	-0.404107599758	0.665596491914
1971.0	-0.324176197026	0.68338775011
1972.0	-0.624790490705	0.685933838665
1973.0	-0.391246331277	0.700979186451
1974.0	-0.0421323831845	0.719538232385
1975.0	0.299349237221	0.641182821756
1976.0	0.65387440712	0.736551815302
1977.0	0.996727208601	0.68231083853
1978.0	1.33080361159	0.680050134977
1979.0	1.60811676175	0.683360493609
1980.0	1.84349991518	0.691307971577
1981.0	2.02624210686	0.708595691317
1982.0	2.1262846123	0.723403588181
1983.0	2.16653286747	0.716547465867
1984.0	2.02721519271	0.739571125438
1985.0	1.93353917004	0.692513545158
1986.0	1.79008182047	0.712604009961
1987.0	1.63964670813	0.701450444574
1988.0	1.53726206268	0.732467960599
1989.0	1.4354661464	0.678243635206
1990.0	1.3612638738	0.701875808786
1991.0	1.33084476776	0.696593108941
1992.0	1.31545427324	0.688978800491
1993.0	1.35775137408	0.691545866219
1994.0	1.35033458951	0.686480431547
1995.0	1.11430330902	0.69760076863
1996.0	0.868240862927	0.678032792311
1997.0	0.602977931853	0.712652879556
1998.0	0.359812192529	0.666820571705
1999.0	0.142644498273	0.65237206171
2000.0	-0.0927949687034	0.690695381841
2001.0	-0.272999662971	0.7067466511
2002.0	-0.411461391567	0.668489903531
2003.0	-0.50972007121	0.682072347268
2004.0	-0.518646567232	0.704596863175
2005.0	-0.494073912987	0.689349840425
2006.0	-0.458466943475	0.670122483762
2007.0	0.171863958061	0.686052858363
2008.0	0.304742272253	0.677260422221
2009.0	0.477739917768	0.670331557046
2010.0	0.64667433193	0.701746138984
2011.0	0.786763761754	0.698543963488
